image: FROM.pgm
resolution: 0.100000
origin: [-49.00000, -51.22000, 0.000000]
negate: 0
occupied_thresh: 0.65
free_thresh: 0.196

